469,1921,1,6,11,28,4,34,20,55,21,30,0,0
470,1921,2,4,12,27,16,21,19,20,12,30,0,0
471,1921,3,6,1,27,10,46,21,50,11,30,0,0
472,1921,4,5,2,27,16,9,20,33,23,29,0,0
473,1921,5,6,3,29,10,5,21,17,23,30,0,0
474,1921,6,6,5,1,14,42,22,36,7,29,29,0
475,1921,7,8,6,4,1,7,23,31,18,30,0,0
476,1921,8,8,7,5,10,44,24,15,1,29,0,0
477,1921,9,8,8,7,13,10,23,20,22,29,0,0
478,1921,10,9,9,9,4,11,24,3,7,30,0,0
479,1921,11,8,10,9,6,46,23,5,4,29,0,0
480,1921,12,7,11,9,23,12,22,8,17,30,0,0
481,1922,1,6,12,9,10,17,21,48,3,30,0,0
482,1922,2,4,1,8,22,7,19,16,18,30,0,0
483,1922,3,6,2,8,16,34,21,49,17,29,0,0
484,1922,4,5,3,9,21,58,21,29,5,30,0,0
485,1922,5,6,4,10,15,53,22,12,5,30,0,0
486,1922,6,6,5,11,20,30,22,27,13,29,0,0
487,1922,7,8,5,14,7,13,24,20,0,29,0,1
488,1922,8,8,6,16,16,38,24,5,7,30,0,0
489,1922,9,8,7,17,19,7,24,10,4,29,0,0
490,1922,10,9,8,19,10,10,24,52,12,29,0,0
491,1922,11,8,9,20,12,46,23,56,9,30,0,0
492,1922,12,8,10,20,5,11,22,57,22,29,0,0
493,1923,1,6,11,20,16,15,21,35,9,30,0,0
494,1923,2,5,12,20,4,1,19,0,0,30,0,0
495,1923,3,6,1,19,22,25,21,29,23,29,0,0
496,1923,4,6,2,21,3,46,21,6,11,30,0,0
497,1923,5,6,3,21,21,39,22,46,10,30,0,0
498,1923,6,7,4,23,2,15,22,23,19,29,0,0
499,1923,7,8,5,25,12,42,24,1,6,30,0,0
500,1923,8,8,6,26,22,25,24,52,12,29,0,0
501,1923,9,9,7,29,0,58,24,4,10,30,0,0
502,1923,10,9,8,29,16,4,24,51,18,29,0,0
503,1923,11,8,10,1,18,41,23,54,15,30,29,0
504,1923,12,8,11,1,11,5,23,54,4,29,0,0
505,1924,1,6,12,1,22,6,21,29,15,30,0,0
506,1924,2,5,1,1,9,50,20,52,5,29,0,0
507,1924,3,6,2,2,4,13,21,21,5,30,0,0
508,1924,4,5,3,2,9,34,20,59,16,30,0,0
509,1924,5,6,4,3,3,26,21,4,16,29,0,0
510,1924,6,6,5,5,8,2,22,0,1,30,0,0
511,1924,7,7,6,6,18,30,23,58,11,30,0,0
512,1924,8,8,7,8,4,13,23,48,18,29,0,0
513,1924,9,8,8,10,6,42,23,59,15,30,0,0
514,1924,10,8,9,10,21,53,24,45,0,29,0,0
515,1924,11,8,10,12,1,26,22,47,21,30,0,0
516,1924,12,7,11,11,16,54,22,46,10,29,0,0
517,1925,1,6,12,12,3,54,20,21,21,29,0,0
518,1925,2,4,1,12,15,37,19,43,11,30,0,0
519,1925,3,6,2,12,10,0,21,13,11,29,0,0
520,1925,4,5,3,13,15,23,20,52,22,30,0,0
521,1925,5,6,4,14,9,18,21,33,22,29,0,0
522,1925,6,6,4,16,14,15,22,50,6,30,0,1
523,1925,7,8,5,18,0,25,23,45,17,30,0,0
524,1925,8,8,6,19,10,8,24,33,0,29,0,0
525,1925,9,8,7,21,12,44,23,44,21,30,0,0
526,1925,10,9,8,22,3,48,24,32,6,30,0,0
527,1925,11,8,9,22,6,27,23,36,3,29,0,0
528,1925,12,7,10,22,22,53,22,37,16,30,0,0
529,1926,1,6,11,22,9,55,21,13,3,29,0,0
530,1926,2,4,12,22,21,39,19,35,17,30,0,0
531,1926,3,6,1,22,16,0,21,51,18,29,0,0
532,1926,4,5,2,23,21,19,21,37,4,29,0,0
533,1926,5,6,3,25,15,9,22,15,4,30,0,0
534,1926,6,6,4,26,19,42,22,30,12,29,0,0
535,1926,7,8,5,29,6,6,23,25,23,30,0,0
536,1926,8,8,7,1,15,45,24,14,6,30,29,0
537,1926,9,8,8,2,1,16,24,27,3,30,0,0
538,1926,10,9,9,3,9,25,24,19,12,29,0,0
539,1926,11,8,10,4,12,8,23,28,9,30,0,0
540,1926,12,8,11,4,4,39,22,34,22,30,0,0
541,1927,1,6,12,3,15,45,21,12,9,29,0,0
542,1927,2,5,1,4,3,31,19,35,23,30,0,0
543,1927,3,6,2,3,21,51,21,59,22,29,0,0
544,1927,4,6,3,5,3,7,21,25,10,29,0,0
545,1927,5,6,4,6,20,54,22,8,10,30,0,0
546,1927,6,7,5,8,1,25,22,23,18,29,0,0
547,1927,7,8,6,10,11,50,24,17,5,30,0,0
548,1927,8,8,7,11,21,32,24,6,12,29,0,0
549,1927,9,8,8,13,0,6,24,17,9,30,0,0
550,1927,10,9,9,14,15,16,24,7,18,29,0,0
551,1927,11,8,10,15,17,57,23,14,15,30,0,0
552,1927,12,8,11,15,10,27,23,19,4,30,0,0
553,1928,1,6,12,14,21,32,21,55,14,30,0,0
554,1928,2,5,1,14,9,17,20,20,5,29,0,0
555,1928,3,6,2,15,3,38,21,45,4,30,0,0
556,1928,4,5,2,15,8,55,20,17,16,29,0,1
557,1928,5,6,3,17,2,44,21,53,15,29,0,0
558,1928,6,6,4,19,7,18,21,7,0,30,0,0
559,1928,7,7,5,20,17,45,23,3,11,29,0,0
560,1928,8,8,6,23,3,28,23,54,17,29,0,0
561,1928,9,8,7,25,6,2,23,6,15,30,0,0
562,1928,10,8,8,25,21,11,23,55,23,29,0,0
563,1928,11,7,9,26,23,50,22,10,21,30,0,0
564,1928,12,7,10,26,16,18,22,4,10,30,0,0
565,1929,1,6,11,26,3,23,20,43,20,30,0,0
566,1929,2,4,12,25,15,9,19,7,11,30,0,0
567,1929,3,6,1,25,9,32,21,35,10,29,0,0
568,1929,4,5,2,26,14,52,20,11,22,30,0,0
569,1929,5,6,3,27,8,41,21,48,21,29,0,0
570,1929,6,6,4,29,13,11,22,27,6,29,0,0
571,1929,7,7,6,1,23,32,23,54,16,29,30,0
572,1929,8,8,7,4,9,9,23,42,23,29,0,0
573,1929,9,8,8,6,11,40,23,53,20,30,0,0
574,1929,10,9,9,7,2,48,24,42,5,29,0,0
575,1929,11,8,10,8,5,28,23,29,2,30,0,0
576,1929,12,7,11,7,21,57,22,53,15,30,0,0
577,1930,1,6,12,7,9,3,21,23,2,30,0,0
578,1930,2,4,1,6,20,52,19,0,17,29,0,0
579,1930,3,6,2,7,15,17,21,30,16,30,0,0
580,1930,4,5,3,7,20,38,21,6,4,30,0,0
581,1930,5,6,4,8,14,28,22,42,3,29,0,0
582,1930,6,6,5,10,18,58,22,53,11,29,0,0
583,1930,7,8,6,13,5,20,23,42,22,30,0,0
584,1930,8,8,6,14,14,58,24,27,5,29,0,1
585,1930,9,8,7,16,17,29,24,36,2,29,0,0
586,1930,10,9,8,18,8,38,24,26,11,30,0,0
587,1930,11,8,9,18,11,21,23,35,8,29,0,0
588,1930,12,8,10,19,3,51,22,12,21,30,0,0
589,1931,1,6,11,18,14,56,21,18,8,30,0,0
590,1931,2,5,12,18,2,41,19,41,22,29,0,0
591,1931,3,6,1,18,21,3,21,7,22,30,0,0
592,1931,4,6,2,19,2,21,21,40,9,30,0,0
593,1931,5,6,3,19,20,10,22,16,9,29,0,0
594,1931,6,7,4,22,0,42,22,28,17,30,0,0
595,1931,7,8,5,23,11,6,24,22,4,29,0,0
596,1931,8,8,6,25,20,45,24,11,11,30,0,0
597,1931,9,8,7,26,23,18,24,24,8,29,0,0
598,1931,10,9,8,28,14,27,24,24,18,29,0,0
599,1931,11,8,9,29,18,12,23,25,14,30,0,0
600,1931,12,8,10,29,9,41,23,30,3,29,0,0
601,1932,1,6,11,29,20,46,21,7,14,30,0,0
602,1932,2,5,12,29,8,30,20,29,4,29,0,0
603,1932,3,6,1,30,2,50,21,54,3,30,0,0
604,1932,4,5,2,30,8,7,20,28,15,30,0,0
605,1932,5,6,4,1,1,55,21,7,15,29,30,0
606,1932,6,6,5,3,6,28,21,23,23,30,0,0
607,1932,7,7,6,4,16,53,23,18,10,29,0,0
608,1932,8,8,7,7,2,32,23,6,17,30,0,0
609,1932,9,8,8,8,5,3,23,16,14,29,0,0
610,1932,10,8,9,9,21,21,23,13,0,29,0,0
611,1932,11,7,10,10,22,50,22,11,20,30,0,0
612,1932,12,7,11,10,15,19,22,15,9,29,0,0
613,1933,1,6,12,11,2,24,20,53,19,30,0,0
614,1933,2,4,1,10,14,10,19,17,10,29,0,0
615,1933,3,6,2,11,8,28,21,44,9,30,0,0
616,1933,4,5,3,11,23,51,20,19,21,30,0,0
617,1933,5,6,4,12,7,48,21,57,20,29,0,0
618,1933,6,6,5,14,12,18,22,12,5,30,0,0
619,1933,7,7,5,15,22,45,23,6,16,30,0,1
620,1933,8,8,6,17,8,26,23,53,22,29,0,0
621,1933,9,8,7,19,10,58,23,1,20,30,0,0
622,1933,10,9,8,20,3,5,24,49,4,29,0,0
623,1933,11,8,9,21,4,44,23,55,1,30,0,0
624,1933,12,7,10,20,21,12,22,58,14,29,0,0
625,1934,1,6,11,21,8,17,21,53,1,29,0,0
626,1934,2,4,12,21,20,4,19,2,16,30,0,0
627,1934,3,6,1,21,14,27,21,28,15,29,0,0
628,1934,4,5,2,22,19,44,21,1,3,30,0,0
629,1934,5,6,3,23,13,31,22,35,2,29,0,0
630,1934,6,6,4,25,18,2,22,48,10,30,0,0
631,1934,7,8,5,27,4,25,23,44,21,30,0,0
632,1934,8,8,6,28,14,4,24,23,4,29,0,0
633,1934,9,8,7,30,16,37,24,53,2,30,0,0
634,1934,10,9,9,2,7,45,24,37,10,30,0,0
635,1934,11,8,10,2,10,27,23,45,7,30,0,0
636,1934,12,8,11,2,2,57,22,50,20,29,0,0
637,1935,1,6,12,2,14,3,21,29,7,30,0,0
638,1935,2,5,1,2,1,49,19,52,21,29,0,0
639,1935,3,6,2,2,20,11,21,18,21,29,0,0
640,1935,4,6,3,4,1,27,21,50,8,30,0,0
641,1935,5,6,4,4,19,12,22,25,8,29,0,0
642,1935,6,6,5,6,23,42,22,38,16,30,0,0
643,1935,7,8,6,8,10,6,24,33,3,29,0,0
644,1935,8,8,7,10,19,48,24,24,10,30,0,0
645,1935,9,8,8,11,22,25,24,39,7,30,0,0
646,1935,10,9,9,12,13,36,24,30,16,29,0,0
647,1935,11,8,10,13,16,18,23,36,13,30,0,0
648,1935,12,8,11,13,8,45,23,37,2,30,0,0
649,1936,1,6,12,12,19,47,21,13,13,29,0,0
650,1936,2,5,1,13,7,30,20,34,3,30,0,0
651,1936,3,6,2,13,1,50,21,58,2,29,0,0
652,1936,4,5,3,14,7,17,20,31,14,29,0,0
653,1936,5,6,3,16,0,57,21,8,14,30,0,1
654,1936,6,6,4,17,5,31,21,22,22,29,0,0
655,1936,7,7,5,19,15,59,23,18,9,29,0,0
656,1936,8,8,6,22,1,43,23,11,16,30,0,0
657,1936,9,8,7,23,4,21,23,26,13,30,0,0
658,1936,10,8,8,23,19,33,23,19,22,29,0,0
659,1936,11,7,9,24,22,15,22,30,19,30,0,0
660,1936,12,7,10,24,14,43,22,27,8,30,0,0
661,1937,1,6,11,24,1,44,20,1,19,30,0,0
662,1937,2,4,12,23,13,26,19,21,9,29,0,0
663,1937,3,6,1,24,7,45,21,46,8,30,0,0
664,1937,4,5,2,24,13,2,20,20,20,29,0,0
665,1937,5,6,3,26,6,51,21,57,19,29,0,0
666,1937,6,6,4,28,11,23,22,12,4,30,0,0
667,1937,7,7,5,29,21,46,23,7,15,29,0,0
668,1937,8,8,7,3,7,26,23,58,21,30,29,0
669,1937,9,8,8,4,10,0,23,12,19,29,0,0
670,1937,10,9,9,6,1,11,24,7,4,30,0,0
671,1937,11,8,10,6,3,56,23,17,1,30,0,0
672,1937,12,7,11,5,20,27,22,22,14,30,0,0
673,1938,1,6,12,5,7,32,21,59,0,29,0,0
674,1938,2,4,1,5,19,15,19,20,15,30,0,0
675,1938,3,6,2,5,13,34,21,43,14,30,0,0
676,1938,4,5,3,5,18,49,21,15,2,29,0,0
677,1938,5,6,4,7,12,36,22,51,1,29,0,0
678,1938,6,6,5,9,17,7,22,4,10,30,0,0
679,1938,7,8,6,11,3,32,23,57,20,29,0,0
680,1938,8,8,7,13,13,13,24,46,3,29,0,0
681,1938,9,8,7,15,15,49,24,0,1,30,0,1
682,1938,10,9,8,16,7,2,24,54,9,29,0,0
683,1938,11,8,9,17,9,49,23,7,7,30,0,0
684,1938,12,8,10,17,2,23,22,14,20,30,0,0
685,1939,1,6,11,16,13,28,21,51,6,29,0,0
686,1939,2,5,12,17,1,14,19,10,21,30,0,0
687,1939,3,6,1,16,19,27,21,29,20,30,0,0
688,1939,4,6,2,17,0,38,21,55,7,30,0,0
689,1939,5,6,3,17,18,21,22,27,7,29,0,0
690,1939,6,6,4,19,22,56,22,13,16,29,0,0
691,1939,7,8,5,22,9,19,24,37,2,30,0,0
692,1939,8,8,6,23,19,4,24,32,9,29,0,0
693,1939,9,8,7,25,21,42,24,50,6,29,0,0
694,1939,10,9,8,27,12,57,24,48,16,30,0,0
695,1939,11,8,9,27,15,40,23,59,12,29,0,0
696,1939,12,8,10,28,8,18,23,6,2,30,0,0
697,1940,1,6,11,27,19,24,21,44,12,29,0,0
698,1940,2,5,12,28,7,8,20,4,3,30,0,0
699,1940,3,6,1,28,1,24,21,24,2,30,0,0
700,1940,4,5,2,28,6,35,20,51,13,30,0,0
701,1940,5,6,3,29,0,16,21,23,13,29,0,0
702,1940,6,6,5,1,4,44,21,37,21,29,30,0
703,1940,7,7,6,3,15,8,23,35,8,30,0,0
704,1940,8,8,7,5,0,52,23,29,15,29,0,0
705,1940,9,8,8,7,3,30,23,46,12,29,0,0
706,1940,10,8,9,8,18,43,23,40,21,30,0,0
707,1940,11,7,10,8,22,38,22,49,18,29,0,0
708,1940,12,7,11,9,14,52,22,31,8,30,0,0
709,1941,1,6,12,9,1,4,20,34,18,29,0,0
710,1941,2,4,1,9,12,50,19,57,8,30,0,0
711,1941,3,6,2,9,7,10,21,21,8,30,0,0
712,1941,4,5,3,9,12,25,20,51,19,29,0,0
713,1941,5,6,4,11,6,10,21,23,19,30,0,0
714,1941,6,6,5,12,10,40,22,34,3,30,0,0
715,1941,7,7,6,13,21,7,23,27,14,29,0,0
716,1941,8,8,6,16,6,46,23,21,21,30,0,1
717,1941,9,8,7,17,9,24,23,30,18,29,0,0
718,1941,10,9,8,19,0,39,24,28,3,29,0,0
719,1941,11,8,9,20,3,25,23,38,0,30,0,0
720,1941,12,7,10,19,19,57,22,45,13,29,0,0
721,1942,1,6,11,20,7,19,21,24,0,30,0,0
722,1942,2,4,12,19,18,49,19,47,14,29,0,0
723,1942,3,6,1,20,13,10,21,11,14,30,0,0
724,1942,4,5,2,20,18,24,21,35,1,29,0,0
725,1942,5,6,3,22,12,7,22,9,1,30,0,0
726,1942,6,6,4,23,16,37,22,17,9,30,0,0
727,1942,7,8,5,25,2,52,23,8,20,29,0,0
728,1942,8,8,6,27,12,31,24,59,2,30,0,0
729,1942,9,8,7,28,15,7,24,17,0,29,0,0
730,1942,10,9,8,30,6,22,24,16,9,30,0,0
731,1942,11,8,10,1,9,12,23,31,6,30,0,0
732,1942,12,8,11,1,1,47,22,40,19,29,0,0
733,1943,1,6,12,1,12,55,21,19,6,30,0,0
734,1943,2,5,1,1,0,41,19,41,20,29,0,0
735,1943,3,6,2,1,18,59,21,3,20,30,0,0
736,1943,4,6,3,2,0,12,21,32,7,29,0,0
737,1943,5,6,4,3,17,54,22,3,7,30,0,0
738,1943,6,6,5,4,22,19,22,13,15,29,0,0
739,1943,7,8,6,7,8,39,24,5,2,30,0,0
740,1943,8,8,7,8,18,19,24,55,8,30,0,0
741,1943,9,8,8,9,20,56,24,12,6,29,0,0
742,1943,10,9,9,11,12,11,24,9,15,30,0,0
743,1943,11,8,10,11,14,59,23,22,12,29,0,0
744,1943,12,8,11,12,7,33,23,30,1,30,0,0
745,1944,1,6,12,11,18,40,21,8,12,29,0,0
746,1944,2,5,1,12,6,23,20,28,2,30,0,0
747,1944,3,6,2,12,0,41,21,49,1,29,0,0
748,1944,4,5,3,13,5,54,20,18,13,30,0,0
749,1944,5,5,4,13,23,40,21,51,12,29,0,0
750,1944,6,6,4,16,4,20,21,3,21,30,0,1
751,1944,7,7,5,17,14,37,23,56,7,29,0,0
752,1944,8,8,6,20,0,19,23,47,14,30,0,0
753,1944,9,8,7,21,2,56,23,2,12,29,0,0
754,1944,10,8,8,22,18,9,23,57,20,30,0,0
755,1944,11,7,9,22,20,55,22,8,18,30,0,0
756,1944,12,7,10,22,13,28,22,15,7,29,0,0
757,1945,1,6,11,23,0,35,20,54,17,30,0,0
758,1945,2,4,12,22,21,20,19,15,8,30,0,0
759,1945,3,6,1,22,6,38,21,38,7,29,0,0
760,1945,4,5,2,23,11,52,20,7,19,29,0,0
761,1945,5,6,3,25,5,37,21,41,18,30,0,0
762,1945,6,6,4,26,10,6,22,52,2,29,0,0
763,1945,7,7,5,28,20,27,23,46,13,29,0,0
764,1945,8,8,7,1,6,6,23,36,20,29,30,0
765,1945,9,8,8,3,8,39,23,50,17,30,0,0
766,1945,10,8,9,3,23,50,24,44,2,30,0,0
767,1945,11,8,10,4,2,35,22,56,23,30,0,0
768,1945,12,7,11,3,19,8,22,4,13,29,0,0
769,1946,1,6,12,4,6,17,20,45,23,30,0,0
770,1946,2,4,1,3,18,5,19,9,14,30,0,0
771,1946,3,6,2,3,12,25,21,33,13,29,0,0
772,1946,4,5,3,4,17,39,21,2,1,29,0,0
773,1946,5,6,4,6,11,22,22,34,0,30,0,0
774,1946,6,6,5,7,15,49,22,45,8,29,0,0
775,1946,7,8,6,10,2,11,23,37,19,29,0,0
776,1946,8,8,7,12,11,52,24,27,2,30,0,0
777,1946,9,8,8,13,14,28,23,41,23,29,0,0
778,1946,10,9,9,15,5,42,24,35,8,30,0,0
779,1946,11,8,10,15,8,28,23,47,5,30,0,0
780,1946,12,8,11,15,1,1,22,54,18,29,0,0
781,1947,1,6,12,15,12,11,21,35,5,30,0,0
782,1947,2,4,1,14,23,51,19,55,19,30,0,0
783,1947,3,6,2,14,18,12,21,15,19,30,0,0
784,1947,4,5,2,14,23,15,21,42,6,29,0,1
785,1947,5,6,3,16,17,5,22,13,6,29,0,0
786,1947,6,6,4,18,21,33,22,24,14,30,0,0
787,1947,7,8,5,20,7,56,24,19,1,29,0,0
788,1947,8,8,6,22,17,39,24,11,8,29,0,0
789,1947,9,8,7,24,20,17,24,28,5,30,0,0
790,1947,10,9,8,25,11,32,24,24,14,29,0,0
791,1947,11,8,9,26,14,19,23,37,11,30,0,0
792,1947,12,8,10,26,6,53,23,45,0,29,0,0
793,1948,1,6,11,26,18,19,21,19,11,30,0,0
794,1948,2,5,12,26,5,43,20,37,1,30,0,0
795,1948,3,5,1,25,23,58,21,57,0,30,0,0
796,1948,4,5,2,26,5,10,20,25,12,29,0,0
797,1948,5,5,3,27,22,53,21,58,11,30,0,0
798,1948,6,6,4,29,3,21,21,11,20,29,0,0
799,1948,7,7,6,1,13,44,23,8,7,29,30,0
800,1948,8,7,7,3,23,27,23,3,14,29,0,0
801,1948,9,8,8,6,2,6,23,22,11,30,0,0
802,1948,10,8,9,6,17,21,23,19,20,29,0,0
803,1948,11,7,10,7,20,7,22,30,17,30,0,0
804,1948,12,7,11,7,12,38,22,34,6,29,0,0
805,1949,1,5,12,7,23,42,20,9,17,30,0,0
806,1949,2,4,1,7,11,23,19,24,7,30,0,0
807,1949,3,6,2,7,5,40,21,49,6,29,0,0
808,1949,4,5,3,8,10,52,20,18,18,30,0,0
809,1949,5,6,4,9,4,37,21,52,17,30,0,0
810,1949,6,6,5,10,9,7,22,3,2,29,0,0
811,1949,7,7,6,12,19,32,23,57,12,30,0,0
812,1949,8,8,7,14,5,16,23,49,19,29,0,0
813,1949,9,8,7,16,7,55,23,6,17,29,0,1
814,1949,10,8,8,17,23,12,24,4,2,30,0,0
815,1949,11,8,9,18,2,0,22,17,23,29,0,0
816,1949,12,7,10,18,18,34,22,24,12,30,0,0
817,1950,1,6,11,18,5,39,20,0,23,29,0,0
818,1950,2,4,12,18,17,21,19,18,13,30,0,0
819,1950,3,6,1,18,11,36,21,36,12,29,0,0
820,1950,4,5,2,19,16,45,20,0,0,30,0,0
821,1950,5,6,3,20,10,25,21,28,23,30,0,0
822,1950,6,6,4,21,14,52,22,37,7,29,0,0
823,1950,7,8,5,24,1,14,23,30,18,30,0,0
824,1950,8,8,6,25,10,56,24,24,1,30,0,0
825,1950,9,8,7,26,13,34,23,44,22,29,0,0
826,1950,10,9,8,28,4,52,24,45,7,29,0,0
827,1950,11,8,9,29,7,44,23,3,5,30,0,0
828,1950,12,8,10,29,0,22,22,14,18,29,0,0
829,1951,1,6,11,29,11,31,21,53,4,30,0,0
830,1951,2,4,12,28,23,14,19,10,19,29,0,0
831,1951,3,6,1,29,17,27,21,26,18,30,0,0
832,1951,4,5,2,29,22,33,21,54,5,29,0,0
833,1951,5,6,4,1,16,10,22,16,5,30,30,0
834,1951,6,6,5,2,20,33,22,25,13,29,0,0
835,1951,7,8,6,5,6,54,24,21,0,30,0,0
836,1951,8,8,7,6,16,38,24,17,7,29,0,0
837,1951,9,8,8,8,19,19,24,38,4,30,0,0
838,1951,10,9,9,9,10,37,24,37,13,29,0,0
839,1951,11,8,10,10,13,27,23,52,10,30,0,0
840,1951,12,8,11,10,6,3,23,1,0,29,0,0
841,1952,1,6,12,10,17,10,21,39,10,30,0,0
842,1952,2,5,1,10,4,54,20,57,0,29,0,0
843,1952,3,5,2,10,23,0,21,14,0,30,0,0
844,1952,4,5,3,11,4,16,20,37,11,29,0,0
845,1952,5,5,4,12,21,54,21,4,11,30,0,0
846,1952,6,6,5,14,2,21,21,13,19,29,0,0
847,1952,7,7,5,16,12,45,23,8,6,30,0,1
848,1952,8,7,6,17,22,32,23,3,13,29,0,0
849,1952,9,8,7,20,1,14,23,24,10,30,0,0
850,1952,10,8,8,20,16,33,23,23,19,30,0,0
851,1952,11,7,9,20,19,22,22,36,16,29,0,0
852,1952,12,7,10,21,11,56,22,44,5,30,0,0
853,1953,1,5,11,20,23,3,20,22,16,29,0,0
854,1953,2,4,12,21,10,46,19,42,6,30,0,0
855,1953,3,6,1,21,5,3,21,58,5,29,0,0
856,1953,4,5,2,22,10,13,20,26,17,30,0,0
857,1953,5,6,3,23,3,53,21,54,16,29,0,0
858,1953,6,6,4,25,8,17,22,0,1,29,0,0
859,1953,7,7,5,27,18,36,23,53,11,30,0,0
860,1953,8,8,6,29,4,15,23,46,18,30,0,0
861,1953,9,8,8,1,6,54,23,7,16,30,29,0
862,1953,10,8,9,1,22,11,24,7,1,30,0,0
863,1953,11,8,10,2,1,2,22,23,22,29,0,0
864,1953,12,7,11,2,17,38,22,32,11,30,0,0
865,1954,1,6,12,2,4,46,20,12,22,29,0,0
866,1954,2,4,1,2,16,31,19,32,12,30,0,0
867,1954,3,6,2,2,10,49,21,54,11,29,0,0
868,1954,4,5,3,3,16,0,20,20,23,30,0,0
869,1954,5,6,4,4,9,47,21,48,22,29,0,0
870,1954,6,6,5,6,14,2,22,55,6,29,0,0
871,1954,7,8,6,9,0,20,23,45,17,30,0,0
872,1954,8,8,7,10,10,0,24,37,0,29,0,0
873,1954,9,8,8,12,12,39,23,56,21,30,0,0
874,1954,10,9,9,13,3,58,24,57,6,30,0,0
875,1954,11,8,10,13,6,51,23,15,4,29,0,0
876,1954,12,7,11,13,23,29,22,25,17,30,0,0
877,1955,1,6,12,13,10,36,21,2,4,30,0,0
878,1955,2,4,1,12,22,18,19,19,18,29,0,0
879,1955,3,6,2,13,16,32,21,36,17,30,0,0
880,1955,4,5,3,13,21,39,21,58,4,29,0,0
881,1955,5,6,3,15,15,18,22,25,4,30,0,1
882,1955,6,6,4,16,19,44,22,32,12,29,0,0
883,1955,7,8,5,19,6,7,23,25,23,29,0,0
884,1955,8,8,6,21,15,50,24,20,6,30,0,0
885,1955,9,8,7,22,18,32,24,42,3,29,0,0
886,1955,10,9,8,24,9,53,24,44,12,30,0,0
887,1955,11,8,9,24,12,46,23,2,10,29,0,0
888,1955,12,8,10,25,5,23,22,12,23,30,0,0
889,1956,1,6,11,24,16,31,21,9,10,30,0,0
890,1956,2,5,12,24,4,13,20,5,0,30,0,0
891,1956,3,5,1,23,22,25,20,21,23,29,0,0
892,1956,4,5,2,25,3,32,20,44,10,30,0,0
893,1956,5,5,3,25,21,11,21,13,10,29,0,0
894,1956,6,6,4,28,1,36,21,24,18,30,0,0
895,1956,7,7,5,29,11,59,23,21,5,29,0,0
896,1956,8,7,7,2,21,41,23,15,12,30,29,0
897,1956,9,8,8,4,0,20,23,36,9,29,0,0
898,1956,10,8,9,5,15,37,23,35,18,30,0,0
899,1956,11,7,10,5,18,27,22,51,15,29,0,0
900,1956,12,7,11,6,11,3,22,0,5,30,0,0
901,1957,1,5,12,5,22,11,20,39,15,30,0,0
902,1957,2,4,1,5,9,55,19,58,5,30,0,0
903,1957,3,6,2,5,4,11,21,17,5,29,0,0
904,1957,4,5,3,6,9,19,20,42,16,30,0,0
905,1957,5,6,4,7,2,59,21,11,16,29,0,0
906,1957,6,6,5,9,7,25,22,21,0,30,0,0
907,1957,7,7,6,10,17,49,23,15,11,29,0,0
908,1957,8,8,7,13,3,33,23,8,18,29,0,0
909,1957,9,8,8,15,6,13,23,27,15,30,0,0
910,1957,10,8,8,15,21,31,24,25,0,29,0,1
911,1957,11,8,9,17,0,21,22,40,21,30,0,0
912,1957,12,7,10,16,16,57,22,49,10,29,0,0
913,1958,1,6,11,17,4,5,20,29,21,30,0,0
914,1958,2,4,12,16,15,50,19,49,11,29,0,0
915,1958,3,6,1,17,10,6,21,6,11,30,0,0
916,1958,4,5,2,17,15,13,20,28,22,30,0,0
917,1958,5,6,3,18,8,50,21,52,21,30,0,0
918,1958,6,6,4,19,13,13,22,58,5,29,0,0
919,1958,7,7,5,21,23,34,23,51,16,30,0,0
920,1958,8,8,6,23,9,18,23,47,23,29,0,0
921,1958,9,8,7,25,12,0,23,10,21,29,0,0
922,1958,10,9,8,27,3,20,24,12,6,30,0,0
923,1958,11,8,9,27,6,13,23,30,3,29,0,0
924,1958,12,7,10,27,22,50,22,40,16,30,0,0
925,1959,1,6,11,27,9,59,21,20,3,29,0,0
926,1959,2,4,12,27,21,43,19,38,17,30,0,0
927,1959,3,6,1,27,15,57,21,55,16,29,0,0
928,1959,4,5,2,28,21,4,21,17,4,30,0,0
929,1959,5,6,3,29,14,39,22,43,3,30,0,0
930,1959,6,6,5,1,19,1,22,50,11,30,29,0
931,1959,7,8,6,3,5,21,23,46,22,29,0,0
932,1959,8,8,7,5,15,5,24,44,5,30,0,0
933,1959,9,8,8,6,17,49,24,9,3,29,0,0
934,1959,10,9,9,8,9,11,24,12,12,30,0,0
935,1959,11,8,10,8,12,3,23,28,9,29,0,0
936,1959,12,8,11,9,4,38,22,35,22,30,0,0
937,1960,1,6,12,8,15,43,21,10,9,29,0,0
938,1960,2,5,1,9,3,23,19,26,23,30,0,0
939,1960,3,5,2,8,21,36,20,43,22,29,0,0
940,1960,4,5,3,10,2,44,20,6,10,30,0,0
941,1960,5,5,4,10,20,23,21,34,9,29,0,0
942,1960,6,6,5,13,0,49,21,42,17,30,0,0
943,1960,7,7,6,14,11,13,23,38,4,30,0,0
944,1960,8,7,6,15,21,0,23,35,11,29,0,1
945,1960,9,7,7,17,23,46,23,59,8,30,0,0
946,1960,10,8,8,18,15,9,23,2,18,29,0,0
947,1960,11,7,9,19,18,2,22,18,15,30,0,0
948,1960,12,7,10,19,10,38,22,26,4,29,0,0
949,1961,1,5,11,19,21,43,20,1,15,30,0,0
950,1961,2,4,12,19,9,23,19,17,5,29,0,0
951,1961,3,6,1,20,3,35,21,32,4,30,0,0
952,1961,4,5,2,20,8,42,20,55,15,29,0,0
953,1961,5,6,3,22,2,21,21,22,15,30,0,0
954,1961,6,6,4,23,6,46,21,30,23,29,0,0
955,1961,7,7,5,25,17,7,23,24,10,30,0,0
956,1961,8,8,6,27,2,49,23,19,17,29,0,0
957,1961,9,8,7,29,5,29,23,43,14,30,0,0
958,1961,10,8,8,29,20,51,23,47,23,30,0,0
959,1961,11,7,9,29,23,46,22,8,21,29,0,0
960,1961,12,7,10,30,16,26,22,20,10,30,0,0
961,1962,1,6,12,1,3,35,20,58,20,30,29,0
962,1962,2,4,12,30,15,18,19,15,11,30,0,0
963,1962,3,6,2,1,9,30,21,30,10,30,29,0
964,1962,4,5,3,1,14,34,20,51,21,29,0,0
965,1962,5,6,4,3,8,10,21,17,21,29,0,0
966,1962,6,6,5,5,12,31,22,24,5,30,0,0
967,1962,7,7,6,6,22,51,23,18,16,29,0,0
968,1962,8,8,7,9,8,34,23,13,23,30,0,0
969,1962,9,8,8,10,11,16,23,35,20,30,0,0
970,1962,10,9,9,11,2,38,24,40,5,29,0,0
971,1962,11,8,10,12,5,35,23,3,3,30,0,0
972,1962,12,7,11,11,22,17,22,15,16,30,0,0
973,1963,1,6,12,11,9,27,21,54,2,29,0,0
974,1963,2,4,1,11,21,8,19,9,17,30,0,0
975,1963,3,6,2,11,15,17,21,20,16,29,0,0
976,1963,4,5,3,12,20,19,21,36,3,30,0,0
977,1963,5,6,4,13,13,52,22,58,2,29,0,0
978,1963,6,6,4,15,18,15,22,4,11,29,0,1
979,1963,7,8,5,18,4,38,23,59,21,30,0,0
980,1963,8,8,6,19,14,26,24,58,4,29,0,0
981,1963,9,8,7,21,17,12,24,24,2,30,0,0
982,1963,10,9,8,22,8,36,24,29,11,29,0,0
983,1963,11,8,9,23,11,32,23,50,8,30,0,0
984,1963,12,8,10,23,4,13,22,2,22,30,0,0
985,1964,1,6,11,22,15,22,21,41,8,30,0,0
986,1964,2,5,12,22,3,5,19,57,22,29,0,0
987,1964,3,5,1,22,21,16,20,10,22,30,0,0
988,1964,4,5,2,23,2,18,20,27,9,29,0,0
989,1964,5,5,3,24,19,51,21,50,8,30,0,0
990,1964,6,6,4,26,0,12,21,57,16,29,0,0
991,1964,7,7,5,28,10,32,23,53,3,29,0,0
992,1964,8,7,6,30,20,16,23,51,10,30,0,0
993,1964,9,7,8,2,23,0,23,17,8,30,29,0
994,1964,10,8,9,3,14,22,23,21,17,29,0,0
995,1964,11,7,10,4,17,15,22,39,14,30,0,0
996,1964,12,7,11,4,9,53,22,50,3,30,0,0
997,1965,1,5,12,3,21,2,20,29,14,30,0,0
998,1965,2,4,1,3,8,46,19,48,4,29,0,0
999,1965,3,6,2,4,3,1,21,5,4,30,0,0
1000,1965,4,5,3,4,8,7,20,26,15,29,0,0
1001,1965,5,6,4,6,1,42,21,50,14,30,0,0
1002,1965,6,6,5,7,6,2,21,56,22,29,0,0
1003,1965,7,7,6,9,16,22,23,48,9,29,0,0
1004,1965,8,8,7,12,2,5,23,43,16,30,0,0
1005,1965,9,8,8,13,4,48,23,6,14,29,0,0
1006,1965,10,8,9,14,20,11,23,10,23,29,0,0
1007,1965,11,7,10,15,23,7,22,29,20,30,0,0
1008,1965,12,7,11,15,15,46,22,41,9,30,0,0
1009,1966,1,6,12,15,2,55,20,20,20,29,0,0
1010,1966,2,4,1,15,14,38,19,38,10,30,0,0
1011,1966,3,6,2,15,8,51,21,53,9,30,0,0
1012,1966,4,5,3,15,13,57,20,12,21,30,0,0
1013,1966,5,6,3,16,7,31,21,32,20,29,0,1
1014,1966,6,6,4,18,11,50,22,34,4,30,0,0
1015,1966,7,7,5,19,22,7,23,23,15,29,0,0
1016,1966,8,8,6,22,7,49,23,18,22,29,0,0
1017,1966,9,8,7,24,10,32,23,43,19,30,0,0
1018,1966,10,9,8,25,1,57,24,51,4,29,0,0
1019,1966,11,8,9,26,4,56,23,14,2,29,0,0
1020,1966,12,7,10,26,21,38,22,28,15,30,0,0
1021,1967,1,6,11,26,8,48,21,8,2,30,0,0
1022,1967,2,4,12,25,20,31,19,24,16,29,0,0
1023,1967,3,6,1,26,14,42,21,37,15,30,0,0
1024,1967,4,5,2,26,19,45,21,55,2,30,0,0
1025,1967,5,6,3,27,13,18,22,18,2,29,0,0
1026,1967,6,6,4,29,17,36,22,23,10,30,0,0
1027,1967,7,8,6,1,3,54,23,16,21,29,30,0
1028,1967,8,8,7,3,13,35,24,13,4,29,0,0
1029,1967,9,8,8,5,16,18,24,38,1,30,0,0
1030,1967,10,9,9,6,7,42,24,44,10,29,0,0
1031,1967,11,8,10,7,10,38,23,5,8,30,0,0
1032,1967,12,8,11,7,3,18,22,17,21,29,0,0
1033,1968,1,6,12,7,14,26,21,54,7,30,0,0
1034,1968,2,5,1,7,2,8,19,9,22,29,0,0
1035,1968,3,5,2,7,20,18,20,22,21,30,0,0
1036,1968,4,5,3,8,1,21,20,41,8,29,0,0
1037,1968,5,5,4,9,18,56,21,6,8,30,0,0
1038,1968,6,5,5,10,23,19,21,13,16,30,0,0
1039,1968,7,7,6,12,9,42,23,8,3,29,0,0
1040,1968,8,7,7,14,19,27,23,3,10,30,0,0
1041,1968,9,7,7,15,22,12,23,26,7,29,0,1
1042,1968,10,8,8,17,13,35,23,30,16,30,0,0
1043,1968,11,7,9,17,16,29,22,49,13,29,0,0
1044,1968,12,7,10,18,9,9,22,0,3,30,0,0
1045,1969,1,5,11,17,20,17,20,38,13,29,0,0
1046,1969,2,4,12,18,7,59,19,55,3,30,0,0
1047,1969,3,6,1,18,2,11,21,8,3,29,0,0
1048,1969,4,5,2,19,7,15,20,27,14,30,0,0
1049,1969,5,6,3,20,0,50,21,50,13,29,0,0
1050,1969,6,6,4,22,5,12,21,55,21,30,0,0
1051,1969,7,7,5,23,15,32,23,48,8,29,0,0
1052,1969,8,8,6,26,1,14,23,43,15,30,0,0
1053,1969,9,8,7,27,3,56,23,7,13,30,0,0
1054,1969,10,8,8,27,19,17,23,11,22,29,0,0
1055,1969,11,7,9,28,22,12,22,31,19,30,0,0
1056,1969,12,7,10,28,14,51,22,44,8,29,0,0
1057,1970,1,6,11,29,2,35,20,45,19,30,0,0
1058,1970,2,4,12,28,13,46,19,45,9,29,0,0
1059,1970,3,6,1,29,7,55,21,54,8,30,0,0
1060,1970,4,5,2,29,13,0,20,20,20,29,0,0
1061,1970,5,6,4,2,6,43,21,51,19,30,29,0
1062,1970,6,6,5,3,11,12,22,5,4,29,0,0
1063,1970,7,7,6,5,21,41,23,10,15,30,0,0
1064,1970,8,8,7,7,7,40,23,25,22,30,0,0
1065,1970,9,8,8,8,10,44,23,25,18,29,0,0
1066,1970,10,9,9,10,1,24,24,9,5,30,0,0
1067,1970,11,8,10,10,4,20,23,36,1,30,0,0
1068,1970,12,7,11,9,20,43,22,24,14,29,0,0
1069,1971,1,6,12,10,7,25,21,35,1,30,0,0
1070,1971,2,4,1,9,19,26,19,27,15,29,0,0
1071,1971,3,6,2,10,13,35,21,38,14,30,0,0
1072,1971,4,5,3,10,18,36,21,54,1,29,0,0
1073,1971,5,6,4,12,12,8,22,15,1,29,0,0
1074,1971,6,6,5,14,16,29,22,20,9,30,0,0
1075,1971,7,8,5,16,2,51,23,15,20,29,0,1
1076,1971,8,8,6,18,12,40,24,15,3,30,0,0
1077,1971,9,8,7,19,16,33,24,59,1,29,0,0
1078,1971,10,9,8,21,6,59,24,53,9,30,0,0
1079,1971,11,8,9,21,9,57,23,14,7,30,0,0
1080,1971,12,8,10,21,2,36,22,24,20,30,0,0
1081,1972,1,6,11,20,13,43,21,24,7,29,0,0
1082,1972,2,5,12,21,1,20,19,12,21,30,0,0
1083,1972,3,5,1,20,19,28,20,22,20,29,0,0
1084,1972,4,5,2,22,23,29,20,38,7,30,0,0
1085,1972,5,5,3,22,18,16,21,0,7,29,0,0
1086,1972,6,5,4,24,22,22,21,6,15,29,0,0
1087,1972,7,7,5,27,8,43,23,3,2,30,0,0
1088,1972,8,7,6,28,18,29,23,3,9,29,0,0
1089,1972,9,7,7,30,21,15,23,33,6,30,0,0
1090,1972,10,8,9,2,12,42,23,42,15,30,29,0
1091,1972,11,7,10,2,15,40,22,3,13,30,0,0
1092,1972,12,7,11,2,8,19,22,13,2,29,0,0
1093,1973,1,5,12,2,19,26,20,48,12,30,0,0
1094,1973,2,4,1,2,7,4,19,1,3,30,0,0
1095,1973,3,6,2,2,1,13,21,13,2,29,0,0
1096,1973,4,5,3,3,6,14,20,30,1,30,0,0
1097,1973,5,5,4,3,23,47,21,54,12,29,0,0
1098,1973,6,6,5,6,4,7,21,1,21,29,0,0
1099,1973,7,7,6,8,14,28,23,56,7,30,0,0
1100,1973,8,8,7,10,0,13,23,54,14,29,0,0
1101,1973,9,8,8,12,3,0,23,21,12,29,0,0
1102,1973,10,8,9,13,18,27,23,30,21,30,0,0
1103,1973,11,7,10,13,21,28,22,54,18,30,0,0
1104,1973,12,7,11,13,14,11,22,8,8,29,0,0
1105,1974,1,6,12,14,1,20,20,46,18,30,0,0
1106,1974,2,4,1,13,13,0,19,59,8,30,0,0
1107,1974,3,6,2,13,7,7,21,7,8,30,0,0
1108,1974,4,5,3,13,12,5,20,19,19,29,0,0
1109,1974,5,6,4,15,5,34,21,36,18,30,0,0
1110,1974,6,6,4,16,9,52,22,38,2,29,0,1
1111,1974,7,7,5,18,20,13,23,30,13,29,0,0
1112,1974,8,8,6,21,5,57,23,29,20,30,0,0
1113,1974,9,8,7,22,8,45,23,59,17,29,0,0
1114,1974,10,9,8,24,0,15,24,11,3,29,0,0
1115,1974,11,8,9,25,3,18,23,39,0,30,0,0
1116,1974,12,7,10,24,20,5,22,56,13,30,0,0
1117,1975,1,6,11,24,7,18,21,36,0,29,0,0
1118,1975,2,4,12,24,18,59,19,50,14,30,0,0
1119,1975,3,6,1,24,13,1,21,7,13,30,0,0
1120,1975,4,5,2,24,18,2,21,7,1,30,0,0
1121,1975,5,6,3,25,11,27,22,24,0,29,0,0
1122,1975,6,6,4,27,15,42,22,26,8,30,0,0
1123,1975,7,8,5,29,1,59,23,22,19,29,0,0
1124,1975,8,8,7,2,11,45,24,24,2,30,29,0
1125,1975,9,8,8,3,14,33,23,55,23,29,0,0
1126,1975,10,9,9,5,6,2,24,6,9,29,0,0
1127,1975,11,8,10,6,9,3,23,31,6,30,0,0
1128,1975,12,8,11,6,1,46,22,47,19,29,0,0
1129,1976,1,6,12,6,12,58,21,25,6,30,0,0
1130,1976,2,5,1,6,0,40,19,40,20,30,0,0
1131,1976,3,5,2,5,18,48,20,50,19,30,0,0
1132,1976,4,4,3,5,23,46,20,2,7,29,0,0
1133,1976,5,5,4,7,17,14,21,21,6,30,0,0
1134,1976,6,5,5,8,21,31,21,24,14,29,0,0
1135,1976,7,7,6,11,7,51,23,18,1,30,0,0
1136,1976,8,7,7,12,17,39,23,18,8,29,0,0
1137,1976,9,7,8,14,20,28,23,48,5,30,0,0
1138,1976,10,8,8,15,11,58,23,58,14,29,0,1
1139,1976,11,7,9,16,14,59,22,22,12,29,0,0
1140,1976,12,7,10,17,7,41,22,35,1,30,0,0
1141,1977,1,5,11,16,18,51,20,15,12,29,0,0
1142,1977,2,4,12,17,6,34,19,21,2,30,0,0
1143,1977,3,6,1,17,0,44,21,42,1,30,0,0
1144,1977,4,5,2,17,5,46,20,57,12,29,0,0
1145,1977,5,5,3,18,23,16,21,14,12,30,0,0
1146,1977,6,6,4,20,3,32,21,14,20,30,0,0
1147,1977,7,7,5,21,13,48,23,4,7,29,0,0
1148,1977,8,7,6,23,23,30,23,0,14,30,0,0
1149,1977,9,8,7,25,2,16,23,30,11,29,0,0
1150,1977,10,8,8,26,17,44,23,41,20,30,0,0
1151,1977,11,7,9,26,20,46,22,7,18,29,0,0
1152,1977,12,7,10,27,13,31,22,33,7,30,0,0
1153,1978,1,6,11,27,0,44,20,4,18,29,0,0
1154,1978,2,4,12,27,12,27,19,21,8,29,0,0
1155,1978,3,6,1,28,6,38,21,34,7,30,0,0
1156,1978,4,5,2,28,11,39,20,50,18,29,0,0
1157,1978,5,6,3,30,5,9,21,8,18,30,0,0
1158,1978,6,6,5,1,9,23,22,10,2,29,30,0
1159,1978,7,7,6,3,19,37,23,0,13,30,0,0
1160,1978,8,8,7,5,5,18,23,57,19,30,0,0
1161,1978,9,8,8,6,8,3,23,26,17,29,0,0
1162,1978,10,8,9,7,23,31,24,37,2,30,0,0
1163,1978,11,8,10,8,2,34,23,5,0,29,0,0
1164,1978,12,7,11,8,19,20,22,21,13,30,0,0
1165,1979,1,6,12,8,6,32,21,0,0,29,0,0
1166,1979,2,4,1,8,18,13,19,13,14,30,0,0
1167,1979,3,6,2,8,12,20,21,22,13,29,0,0
1168,1979,4,5,3,9,17,18,21,35,0,29,0,0
1169,1979,5,6,4,11,10,47,21,54,23,30,0,0
1170,1979,6,6,5,12,15,5,22,56,7,29,0,0
1171,1979,7,8,6,15,1,25,23,49,18,30,0,0
1172,1979,8,8,6,16,11,11,24,47,1,30,0,1
1173,1979,9,8,7,17,14,0,23,17,23,29,0,0
1174,1979,10,9,8,19,5,30,24,28,8,30,0,0
1175,1979,11,8,9,19,8,33,23,54,5,30,0,0
1176,1979,12,8,10,19,1,18,22,10,19,29,0,0
1177,1980,1,6,11,19,12,29,21,47,5,30,0,0
1178,1980,2,5,12,19,0,10,19,2,20,29,0,0
1179,1980,3,5,1,19,18,17,20,10,19,30,0,0
1180,1980,4,4,2,19,23,15,20,23,6,29,0,0
1181,1980,5,5,3,21,16,44,21,42,5,29,0,0
1182,1980,6,5,4,23,21,14,21,47,13,30,0,0
1183,1980,7,7,5,25,7,24,23,42,0,29,0,0
1184,1980,8,7,6,27,17,9,23,41,7,30,0,0
1185,1980,9,7,7,28,19,54,23,9,5,29,0,0
1186,1980,10,8,8,30,11,20,23,18,14,30,0,0
1187,1980,11,7,9,30,14,19,22,42,11,30,0,0
1188,1980,12,7,11,1,7,2,22,56,0,30,29,0
1189,1981,1,5,11,30,18,13,20,36,11,30,0,0
1190,1981,2,4,12,30,5,56,19,52,1,30,0,0
1191,1981,3,6,2,1,0,5,21,3,0,30,29,0
1192,1981,4,5,3,1,5,5,20,19,12,29,0,0
1193,1981,5,5,4,2,22,35,21,39,11,29,0,0
1194,1981,6,6,5,5,2,53,21,45,19,30,0,0
1195,1981,7,7,6,6,13,12,23,40,6,29,0,0
1196,1981,8,7,7,8,22,57,23,38,13,29,0,0
1197,1981,9,8,8,11,1,43,23,22,12,30,0,0
1198,1981,10,8,9,11,17,10,23,13,20,30,0,0
1199,1981,11,7,10,11,20,9,22,36,17,29,0,0
1200,1981,12,7,11,12,12,52,22,51,6,30,0,0
1201,1982,1,6,12,12,0,3,20,57,18,30,0,0
1202,1982,2,4,1,11,11,46,19,39,7,30,0,0
1203,1982,3,6,2,11,5,55,21,56,6,29,0,0
1204,1982,4,5,3,12,10,53,20,8,18,30,0,0
1205,1982,5,6,4,13,4,20,21,23,17,29,0,0
1206,1982,6,6,4,15,8,50,22,42,1,29,0,1
1207,1982,7,7,5,17,19,18,23,48,12,30,0,0
1208,1982,8,8,6,19,4,42,23,15,19,29,0,0
1209,1982,9,8,7,21,7,32,23,46,16,29,0,0
1210,1982,10,8,8,22,23,2,24,58,1,30,0,0
1211,1982,11,8,9,23,2,4,22,24,23,29,0,0
1212,1982,12,7,10,23,18,48,22,39,12,30,0,0
1213,1983,1,6,11,23,5,59,20,17,23,30,0,0
1214,1983,2,4,12,22,17,40,19,31,13,30,0,0
1215,1983,3,6,1,22,11,47,21,39,12,30,0,0
1216,1983,4,5,2,22,16,44,20,50,23,29,0,0
1217,1983,5,6,3,24,10,11,21,6,23,30,0,0
1218,1983,6,6,4,25,14,27,22,9,7,29,0,0
1219,1983,7,8,5,28,0,43,23,4,18,29,0,0
1220,1983,8,8,6,30,10,30,24,8,1,30,0,0
1221,1983,9,8,8,2,13,20,23,42,22,29,29,0
1222,1983,10,9,9,4,4,51,24,55,7,30,0,0
1223,1983,11,8,10,4,7,53,23,19,5,29,0,0
1224,1983,12,8,11,5,0,34,22,30,18,30,0,0
1225,1984,1,6,12,4,11,41,21,21,5,30,0,0
1226,1984,2,4,1,3,23,19,19,16,19,30,0,0
1227,1984,3,5,2,3,17,25,20,24,18,29,0,0
1228,1984,4,4,3,4,22,22,20,38,5,30,0,0
1229,1984,5,5,4,5,15,51,21,58,4,30,0,0
1230,1984,6,5,5,6,20,9,21,2,13,29,0,0
1231,1984,7,7,6,9,6,29,22,58,23,29,0,0
1232,1984,8,7,7,11,16,18,23,59,6,30,0,0
1233,1984,9,7,8,12,19,10,23,33,4,29,0,0
1234,1984,10,8,9,14,10,43,23,46,13,29,0,0
1235,1984,11,7,10,15,13,46,22,10,12,30,0,0
1236,1984,12,7,10,15,6,28,22,1,1,29,0,1
1237,1985,1,5,11,15,17,35,20,44,10,30,0,0
1238,1985,2,4,12,15,5,12,19,2,0,30,0,0
1239,1985,3,5,1,14,23,17,21,14,0,29,0,0
1240,1985,4,5,2,16,4,14,20,26,11,30,0,0
1241,1985,5,5,3,16,21,2,21,56,10,30,0,0
1242,1985,6,6,4,18,2,24,21,44,18,29,0,0
1243,1985,7,7,5,20,12,19,23,37,5,30,0,0
1244,1985,8,7,6,21,20,4,23,36,12,29,0,0
1245,1985,9,8,7,24,0,53,23,8,10,30,0,0
1246,1985,10,8,8,24,16,25,23,22,19,29,0,0
1247,1985,11,7,9,25,19,30,22,51,16,29,0,0
1248,1985,12,7,10,26,12,17,22,8,6,30,0,0
1249,1986,1,5,11,25,23,28,20,47,16,29,0,0
1250,1986,2,4,12,26,11,8,19,58,6,30,0,0
1251,1986,3,6,1,26,5,12,21,3,6,29,0,0
1252,1986,4,5,2,27,10,2,20,12,17,30,0,0
1253,1986,5,6,3,28,3,31,21,28,16,30,0,0
1254,1986,6,6,4,29,7,44,22,30,0,29,0,0
1255,1986,7,7,6,1,18,1,23,25,11,30,30,0
1256,1986,8,8,7,3,3,46,23,26,18,29,0,0
1257,1986,9,8,8,5,6,35,23,59,15,30,0,0
1258,1986,10,8,9,5,22,7,24,15,1,29,0,0
1259,1986,11,8,10,7,1,13,22,45,22,30,0,0
1260,1986,12,7,11,6,18,1,22,3,12,29,0,0
1261,1987,1,6,12,7,5,13,20,41,22,29,0,0
1262,1987,2,4,1,7,16,52,19,50,12,30,0,0
1263,1987,3,6,2,7,10,54,21,52,11,29,0,0
1264,1987,4,5,3,8,15,44,20,58,22,30,0,0
1265,1987,5,6,4,9,9,6,21,10,22,29,0,0
1266,1987,6,6,5,11,13,59,22,11,6,30,0,0
1267,1987,7,7,6,12,0,22,23,6,17,30,0,0
1268,1987,8,8,6,14,9,29,24,10,0,29,0,1
1269,1987,9,8,7,16,12,24,23,46,21,30,0,0
1270,1987,10,9,8,17,4,12,24,1,7,30,0,0
1271,1987,11,8,9,17,7,6,23,30,4,29,0,0
1272,1987,12,7,10,17,23,53,22,46,17,30,0,0
1273,1988,1,6,11,17,17,4,21,25,4,29,0,0
1274,1988,2,4,12,17,22,38,19,35,19,29,0,0
1275,1988,3,5,1,18,16,47,20,39,17,30,0,0
1276,1988,4,4,2,18,21,39,20,59,4,29,0,0
1277,1988,5,5,3,20,15,2,21,57,4,30,0,0
1278,1988,6,5,4,21,19,15,21,57,11,29,0,0
1279,1988,7,7,5,24,5,33,22,51,22,30,0,0
1280,1988,8,7,6,25,15,20,23,54,5,29,0,0
1281,1988,9,7,7,27,18,12,23,29,3,30,0,0
1282,1988,10,8,8,28,9,45,23,44,12,30,0,0
1283,1988,11,7,9,28,12,49,22,9,10,29,0,0
1284,1988,12,7,10,29,5,35,21,28,23,30,0,0
1285,1989,1,5,11,28,16,46,20,7,10,30,0,0
1286,1989,2,4,12,28,4,27,19,19,0,29,0,0
1287,1989,3,5,1,28,22,36,20,32,23,30,0,0
1288,1989,4,5,2,29,3,39,20,51,10,29,0,0
1289,1989,5,5,4,1,21,13,21,13,10,30,29,0
1290,1989,6,6,5,3,1,35,21,19,18,29,0,0
1291,1989,7,7,6,5,11,58,23,12,5,30,0,0
1292,1989,8,7,7,6,21,4,23,46,11,29,0,0
1293,1989,9,7,8,8,0,25,23,20,9,30,0,0
1294,1989,10,8,9,9,15,28,23,35,18,29,0,0
1295,1989,11,7,10,10,18,34,22,1,10,30,0,0
1296,1989,12,7,11,10,11,21,22,22,5,30,0,0
1297,1990,1,5,12,9,22,34,20,2,16,30,0,0
1298,1990,2,4,1,9,10,14,19,14,6,29,0,0
1299,1990,3,6,2,10,4,20,21,19,5,30,0,0
1300,1990,4,5,3,10,9,13,20,27,16,29,0,0
1301,1990,5,6,4,12,2,35,21,37,15,29,0,0
1302,1990,6,6,5,14,6,46,21,9,0,30,0,0
1303,1990,7,7,5,15,17,47,23,22,11,29,0,1
1304,1990,8,8,6,18,2,46,23,21,17,29,0,0
1305,1990,9,8,7,20,5,38,23,56,14,30,0,0
1306,1990,10,8,8,20,21,14,24,14,0,29,0,0
1307,1990,11,8,9,22,0,24,22,17,21,30,0,0
1308,1990,12,7,10,21,17,15,22,7,11,30,0,0
1309,1991,1,6,11,21,4,28,20,47,21,30,0,0
1310,1991,2,4,12,20,16,9,19,59,11,30,0,0
1311,1991,3,6,1,20,10,12,21,2,11,29,0,0
1312,1991,4,5,2,21,15,5,20,8,22,30,0,0
1313,1991,5,6,3,22,8,27,21,20,21,29,0,0
1314,1991,6,6,4,24,12,38,22,19,5,29,0,0
1315,1991,7,7,5,26,22,53,23,11,16,30,0,0
1316,1991,8,8,6,28,8,37,23,13,23,29,0,0
1317,1991,9,8,8,1,11,28,23,48,20,30,29,0
1318,1991,10,9,9,2,3,1,24,5,6,29,0,0
1319,1991,11,8,10,3,6,8,23,36,3,30,0,0
1320,1991,12,7,11,2,22,56,22,54,16,30,0,0
1321,1992,1,6,12,2,10,9,21,33,3,30,0,0
1322,1992,2,4,1,1,21,49,19,44,17,29,0,0
1323,1992,3,5,2,2,15,52,20,48,16,30,0,0
1324,1992,4,4,3,2,20,48,20,57,3,30,0,0
1325,1992,5,5,4,3,14,9,21,12,3,29,0,0
1326,1992,6,5,5,5,19,3,21,14,11,29,0,0
1327,1992,7,7,6,8,5,26,22,9,22,30,0,0
1328,1992,8,7,7,9,14,28,23,10,5,29,0,0
1329,1992,9,7,8,11,17,19,23,43,2,29,0,0
1330,1992,10,8,9,13,8,52,23,57,11,30,0,0
1331,1992,11,7,10,13,11,57,22,26,9,29,0,0
1332,1992,12,7,11,14,4,57,21,44,22,30,0,0
1333,1993,1,5,12,13,15,57,20,23,9,30,0,0
1334,1993,2,4,1,13,3,37,18,35,23,29,0,0
1335,1993,3,5,2,13,21,43,20,41,22,30,0,0
1336,1993,4,5,3,14,2,37,20,49,9,30,0,0
1337,1993,5,5,3,14,20,2,21,2,9,29,0,1
1338,1993,6,6,4,17,0,15,21,0,17,30,0,0
1339,1993,7,7,5,18,10,32,23,28,4,29,0,0
1340,1993,8,7,6,20,20,18,23,50,10,30,0,0
1341,1993,9,7,7,21,23,43,23,23,8,29,0,0
1342,1993,10,8,8,23,14,40,23,37,17,29,0,0
1343,1993,11,7,9,24,17,46,22,7,15,30,0,0
1344,1993,12,7,10,24,10,34,22,26,4,29,0,0
1345,1994,1,5,11,24,21,48,20,8,15,30,0,0
1346,1994,2,4,12,24,9,31,19,22,5,29,0,0
1347,1994,3,6,1,25,3,38,21,28,4,30,0,0
1348,1994,4,5,2,25,8,32,20,36,15,30,0,0
1349,1994,5,6,3,26,1,54,21,49,14,30,0,0
1350,1994,6,6,4,27,6,5,21,48,22,29,0,0
1351,1994,7,7,5,29,17,6,23,41,9,30,0,0
1352,1994,8,8,7,2,2,50,23,44,16,30,29,0
1353,1994,9,8,8,3,4,55,23,19,14,29,0,0
1354,1994,10,8,9,4,20,29,23,36,23,29,0,0
1355,1994,11,7,10,5,23,29,22,6,21,30,0,0
1356,1994,12,7,11,5,16,23,22,23,10,29,0,0
1357,1995,1,6,12,6,3,34,20,1,21,30,0,0
1358,1995,2,4,1,5,15,13,19,11,11,29,0,0
1359,1995,3,6,2,6,9,16,21,15,10,30,0,0
1360,1995,4,5,3,6,14,8,20,22,21,30,0,0
1361,1995,5,6,4,7,7,30,21,34,20,29,0,0
1362,1995,6,6,5,9,11,43,22,30,4,30,0,0
1363,1995,7,7,6,10,22,57,23,30,15,29,0,0
1364,1995,8,8,7,13,8,41,23,35,22,30,0,0
1365,1995,9,8,8,14,10,49,23,13,20,30,0,0
1366,1995,10,9,8,15,2,28,24,32,5,29,0,1
1367,1995,11,8,9,16,5,36,23,2,3,29,0,0
1368,1995,12,7,10,16,22,23,22,17,16,30,0,0
1369,1996,1,6,11,16,9,32,21,53,2,29,0,0
1370,1996,2,4,12,16,21,8,19,1,17,30,0,0
1371,1996,3,5,1,16,15,10,20,3,16,29,0,0
1372,1996,4,4,2,17,20,2,20,10,3,30,0,0
1373,1996,5,5,3,18,13,26,21,23,2,29,0,0
1374,1996,6,5,4,20,17,41,21,24,10,30,0,0
1375,1996,7,7,5,22,4,47,22,19,21,30,0,0
1376,1996,8,7,6,23,13,49,23,23,4,29,0,0
1377,1996,9,7,7,25,16,43,23,17,2,30,0,0
1378,1996,10,8,8,26,8,19,23,19,11,29,0,0
1379,1996,11,7,9,27,11,27,22,50,8,30,0,0
1380,1996,12,7,10,27,4,14,21,6,22,30,0,0
1381,1997,1,5,11,26,15,25,20,43,8,29,0,0
1382,1997,2,4,12,27,3,2,18,53,22,29,0,0
1383,1997,3,5,1,27,21,14,20,6,22,30,0,0
1384,1997,4,5,2,28,2,17,20,25,9,29,0,0
1385,1997,5,5,3,29,19,51,21,48,8,30,0,0
1386,1997,6,5,5,1,0,13,21,54,16,30,29,0
1387,1997,7,7,6,3,10,36,23,47,3,29,0,0
1388,1997,8,7,7,5,19,37,23,19,10,30,0,0
1389,1997,9,7,8,6,22,29,23,56,7,30,0,0
1390,1997,10,8,9,7,14,6,23,15,17,29,0,0
1391,1997,11,7,10,8,17,15,22,48,14,30,0,0
1392,1997,12,7,11,8,10,5,22,8,4,30,0,0
1393,1998,1,5,12,7,21,11,20,26,14,29,0,0
1394,1998,2,4,1,8,8,53,19,43,4,30,0,0
1395,1998,3,6,2,8,3,3,21,57,3,29,0,0
1396,1998,4,5,3,9,8,6,20,16,15,29,0,0
1397,1998,5,6,4,11,1,40,21,38,14,30,0,0
1398,1998,6,6,5,12,6,2,21,44,22,29,0,0
1399,1998,7,7,5,14,16,25,23,37,9,29,0,1
1400,1998,8,8,6,17,2,8,23,33,16,30,0,0
1401,1998,9,8,7,18,4,52,23,8,14,30,0,0
1402,1998,10,8,8,18,20,16,23,3,23,29,0,0
1403,1998,11,7,9,19,23,11,22,25,20,30,0,0
1404,1998,12,7,10,19,15,51,22,38,9,30,0,0
1405,1999,1,6,11,19,3,0,20,16,20,29,0,0
1406,1999,2,4,12,19,14,42,19,33,10,30,0,0
1407,1999,3,6,1,19,8,52,21,46,9,30,0,0
1408,1999,4,5,2,19,13,55,20,56,20,29,0,0
1409,1999,5,6,3,21,7,29,21,27,20,29,0,0
1410,1999,6,6,4,23,11,51,22,33,4,30,0,0
1411,1999,7,7,5,24,22,14,23,26,15,29,0,0
1412,1999,8,8,6,27,7,57,23,22,22,29,0,0
1413,1999,9,8,7,29,10,41,23,46,19,30,0,0
1414,1999,10,9,9,1,2,5,24,52,4,30,29,0
1415,1999,11,8,10,1,6,14,23,35,3,30,0,0
1416,1999,12,7,10,30,21,14,22,27,15,30,0,0
1417,2000,1,6,11,30,8,50,21,5,2,30,0,0
1418,2000,2,4,12,29,20,32,19,22,16,29,0,0
1419,2000,3,5,1,30,14,42,20,35,15,30,0,0
1420,2000,4,4,2,30,19,45,20,54,2,30,0,0
1421,2000,5,5,4,2,13,19,21,16,2,29,29,0
1422,2000,6,5,5,4,17,41,21,22,10,30,0,0
1423,2000,7,7,6,6,4,4,22,15,21,29,0,0
1424,2000,8,7,7,8,13,36,23,11,4,29,0,0
1425,2000,9,7,8,10,16,30,23,35,1,30,0,0
1426,2000,10,8,9,11,7,54,23,41,10,29,0,0
1427,2000,11,7,10,12,10,49,22,3,8,30,0,0
1428,2000,12,7,11,12,3,29,21,16,21,30,0,0
1429,2001,1,5,12,11,14,38,20,54,7,29,0,0
1430,2001,2,4,1,12,2,20,18,11,22,30,0,0
1431,2001,3,5,2,11,20,30,20,24,21,30,0,0
1432,2001,4,5,3,12,1,33,20,43,8,29,0,0
1433,2001,5,5,4,13,19,7,21,6,8,30,0,0
1434,2001,6,5,4,14,23,29,21,12,16,29,0,1
1435,2001,7,7,5,17,9,52,23,5,3,30,0,0
1436,2001,8,7,6,18,19,34,23,1,10,29,0,0
1437,2001,9,7,7,20,22,18,23,25,7,29,0,0
1438,2001,10,8,8,22,13,42,23,31,16,30,0,0
1439,2001,11,7,9,22,16,37,22,53,13,29,0,0
1440,2001,12,7,10,23,9,17,22,6,3,30,0,0
1441,2002,1,5,11,22,20,26,20,44,13,29,0,0
1442,2002,2,4,12,23,8,8,19,1,4,30,0,0
1443,2002,3,6,1,23,2,18,21,14,3,30,0,0
1444,2002,4,5,2,23,7,21,20,33,14,30,0,0
1445,2002,5,6,3,24,0,55,21,55,13,29,0,0
1446,2002,6,6,4,26,5,17,21,1,22,30,0,0
1447,2002,7,7,5,27,15,40,23,54,8,29,0,0
1448,2002,8,8,6,30,1,23,23,50,15,30,0,0
1449,2002,9,8,8,2,4,7,23,14,13,29,29,0
1450,2002,10,8,9,3,19,31,23,20,22,30,0,0
1451,2002,11,7,10,3,22,26,22,42,19,29,0,0
1452,2002,12,7,11,4,15,6,22,55,8,30,0,0
1453,2003,1,6,12,4,2,15,20,33,19,29,0,0
1454,2003,2,4,1,4,13,57,19,50,9,30,0,0
1455,2003,3,6,2,4,8,7,21,3,9,30,0,0
1456,2003,4,5,3,4,13,10,20,22,20,29,0,0
1457,2003,5,6,4,6,6,44,21,44,19,30,0,0
1458,2003,6,6,5,7,11,6,22,50,3,30,0,0
1459,2003,7,7,6,8,21,29,23,43,14,29,0,0
1460,2003,8,8,7,11,7,12,23,39,21,30,0,0
1461,2003,9,8,8,12,9,56,23,3,19,29,0,0
1462,2003,10,9,9,14,1,20,24,9,4,29,0,0
1463,2003,11,8,10,15,4,15,23,31,1,30,0,0
1464,2003,12,7,11,14,20,55,22,44,14,29,0,0
1465,2004,1,6,12,15,8,4,21,22,1,30,0,0
1466,2004,2,4,1,14,19,46,19,39,15,29,0,0
1467,2004,3,5,2,15,13,56,20,52,14,30,0,0
1468,2004,4,4,2,15,18,59,20,11,2,29,0,1
1469,2004,5,5,3,17,12,33,21,33,1,30,0,0
1470,2004,6,5,4,18,16,55,21,39,9,30,0,0
1471,2004,7,7,5,20,3,18,22,32,20,29,0,0
1472,2004,8,7,6,22,12,59,23,28,3,30,0,0
1473,2004,9,7,7,23,15,44,23,52,0,29,0,0
1474,2004,10,8,8,25,7,8,23,58,9,30,0,0
1475,2004,11,7,9,25,10,3,22,20,7,29,0,0
1476,2004,12,7,10,26,2,43,21,33,20,30,0,0
1477,2005,1,5,11,25,13,52,20,11,7,29,0,0
1478,2005,2,4,12,26,1,34,18,28,21,30,0,0
1479,2005,3,5,1,25,19,45,20,41,20,29,0,0
1480,2005,4,5,2,27,0,48,20,0,8,30,0,0
1481,2005,5,5,3,27,18,23,21,22,7,29,0,0
1482,2005,6,5,4,29,22,45,21,28,15,30,0,0
1483,2005,7,7,6,2,9,8,23,21,2,30,29,0
1484,2005,8,7,7,3,18,51,23,17,9,30,0,0
1485,2005,9,7,8,4,21,35,23,41,6,29,0,0
1486,2005,10,8,9,6,12,59,23,47,15,30,0,0
1487,2005,11,7,10,6,15,54,22,9,13,29,0,0
1488,2005,12,7,11,7,8,34,22,22,2,30,0,0
1489,2006,1,5,12,6,9,43,20,0,13,29,0,0
1490,2006,2,4,1,7,7,25,19,17,3,30,0,0
1491,2006,3,6,2,7,1,35,21,30,2,29,0,0
1492,2006,4,5,3,8,6,38,20,49,13,30,0,0
1493,2006,5,5,4,8,0,12,21,12,13,29,0,0
1494,2006,6,6,5,11,4,34,21,18,21,30,0,0
1495,2006,7,7,6,12,14,57,23,11,8,29,0,0
1496,2006,8,7,7,14,0,40,23,7,15,30,0,0
1497,2006,9,8,7,16,3,24,23,31,12,29,0,1
1498,2006,10,8,8,17,18,48,23,37,21,30,0,0
1499,2006,11,7,9,17,21,43,22,0,19,30,0,0
1500,2006,12,7,10,17,14,23,22,13,8,29,0,0
1501,2007,1,6,11,18,1,32,20,51,18,30,0,0
1502,2007,2,4,12,17,13,14,19,8,9,30,0,0
1503,2007,3,6,1,17,7,24,21,21,8,29,0,0
1504,2007,4,5,2,18,12,27,20,40,19,29,0,0
1505,2007,5,6,3,20,6,2,21,2,19,30,0,0
1506,2007,6,6,4,21,10,23,22,8,3,29,0,0
1507,2007,7,7,5,23,20,46,23,1,14,29,0,0
1508,2007,8,8,6,26,6,29,23,56,20,30,0,0
1509,2007,9,8,7,27,9,13,23,21,18,29,0,0
1510,2007,10,9,8,29,0,37,24,27,3,30,0,0
1511,2007,11,8,9,29,3,32,23,49,0,30,0,0
1512,2007,12,7,10,28,20,12,22,2,14,30,0,0
1513,2008,1,6,11,28,7,21,21,40,0,29,0,0
1514,2008,2,4,12,28,19,3,19,57,14,30,0,0
1515,2008,3,5,1,28,13,13,20,10,14,30,0,0
1516,2008,4,4,2,28,18,16,20,29,1,29,0,0
1517,2008,5,5,4,1,11,50,21,51,0,30,29,0
1518,2008,6,5,5,2,16,12,21,57,8,29,0,0
1519,2008,7,7,6,5,2,35,22,50,19,29,0,0
1520,2008,8,7,7,7,12,18,23,46,2,30,0,0
1521,2008,9,7,8,8,15,2,22,10,0,29,0,0
1522,2008,10,8,9,10,6,26,23,16,9,30,0,0
1523,2008,11,7,10,10,9,21,22,38,6,30,0,0
1524,2008,12,7,11,10,2,1,21,51,19,29,0,0
1525,2009,1,5,12,10,13,10,20,29,6,30,0,0
1526,2009,2,4,1,10,0,52,18,46,20,30,0,0
1527,2009,3,5,2,9,19,2,20,59,19,30,0,0
1528,2009,4,4,3,9,0,5,20,18,7,29,0,0
1529,2009,5,5,4,11,17,39,21,40,6,29,0,0
1530,2009,6,5,5,13,22,31,21,46,14,30,0,0
1531,2009,7,7,5,15,8,24,23,39,1,29,0,1
1532,2009,8,7,6,17,18,7,23,35,8,29,0,0
1533,2009,9,7,7,19,20,51,23,59,5,30,0,0
1534,2009,10,8,8,20,12,15,23,5,15,29,0,0
1535,2009,11,7,9,21,15,10,22,27,12,30,0,0
1536,2009,12,7,10,21,7,5,22,40,1,29,0,0
1537,2010,1,5,11,21,19,0,20,18,12,30,0,0
1538,2010,2,4,12,21,6,42,19,35,2,30,0,0
1539,2010,3,6,1,21,0,52,21,48,1,30,0,0
1540,2010,4,5,2,21,5,55,20,7,13,29,0,0
1541,2010,5,5,3,22,23,29,21,29,12,30,0,0
1542,2010,6,6,4,24,3,51,21,35,20,29,0,0
1543,2010,7,7,5,26,14,14,23,28,7,30,0,0
1544,2010,8,7,6,27,23,57,23,24,14,29,0,0
1545,2010,9,8,8,1,2,41,23,48,11,30,29,0
1546,2010,10,8,9,1,18,5,23,54,20,29,0,0
1547,2010,11,7,10,2,21,1,22,16,18,30,0,0
1548,2010,12,7,11,2,13,41,22,29,7,29,0,0
1549,2011,1,6,12,3,0,50,20,7,18,30,0,0
1550,2011,2,4,1,2,12,32,19,24,8,30,0,0
1551,2011,3,6,2,2,6,43,21,37,7,29,0,0
1552,2011,4,5,3,3,11,46,20,56,18,30,0,0
1553,2011,5,6,4,4,5,20,21,18,18,30,0,0
1554,2011,6,6,5,5,9,43,22,24,2,29,0,0
1555,2011,7,7,6,7,20,6,23,17,13,30,0,0
1556,2011,8,8,7,9,5,49,23,13,20,29,0,0
1557,2011,9,8,8,11,8,33,23,37,17,29,0,0
1558,2011,10,8,9,12,23,57,24,43,2,30,0,0
1559,2011,11,8,10,13,2,52,23,5,0,29,0,0
1560,2011,12,7,11,13,19,32,22,18,13,30,0,0
1561,2012,1,6,12,13,6,41,21,56,23,29,0,0
1562,2012,2,4,1,13,18,40,19,25,14,30,0,0
1563,2012,3,5,2,13,12,28,20,20,13,29,0,0
1564,2012,4,4,3,14,17,16,20,25,0,30,0,0
1565,2012,5,5,4,15,10,40,20,40,23,30,0,0
1566,2012,6,5,4,16,14,50,21,45,7,29,0,1
1567,2012,7,7,5,19,1,21,22,51,18,30,0,0
1568,2012,8,7,6,20,11,26,23,16,2,29,0,0
1569,2012,9,7,7,22,14,44,22,18,0,30,0,0
1570,2012,10,8,8,23,6,42,23,52,9,29,0,0
1571,2012,11,7,9,24,9,56,22,19,7,30,0,0
1572,2012,12,7,10,24,2,32,21,16,20,29,0,0
1573,2013,1,5,11,24,13,16,20,26,6,30,0,0
1574,2013,2,4,12,24,0,31,18,15,20,29,0,0
1575,2013,3,5,1,24,18,19,20,9,19,30,0,0
1576,2013,4,4,2,24,23,5,20,14,6,29,0,0
1577,2013,5,5,3,26,16,28,21,29,5,30,0,0
1578,2013,6,5,4,27,20,44,21,33,13,29,0,0
1579,2013,7,7,5,30,7,9,22,40,0,30,0,0
1580,2013,8,7,7,1,17,14,23,5,8,29,30,0
1581,2013,9,7,8,3,20,33,23,22,6,30,0,0
1582,2013,10,8,9,4,12,31,23,41,15,29,0,0
1583,2013,11,7,10,5,15,45,22,8,13,30,0,0
1584,2013,12,7,11,5,8,21,22,5,2,29,0,0
1585,2014,1,5,12,5,20,7,20,15,12,30,0,0
1586,2014,2,4,1,5,6,21,19,4,2,29,0,0
1587,2014,3,6,2,6,0,7,21,57,0,30,0,0
1588,2014,4,5,3,6,4,54,20,12,12,29,0,0
1589,2014,5,5,4,7,22,16,21,17,12,30,0,0
1590,2014,6,6,5,9,2,32,21,21,19,29,0,0
1591,2014,7,7,6,11,12,57,23,27,6,30,0,0
1592,2014,8,7,7,12,23,2,23,53,13,29,0,0
1593,2014,9,8,8,15,2,21,23,51,11,30,0,0
1594,2014,10,8,9,15,18,20,23,30,21,30,0,0
1595,2014,11,7,9,15,21,36,22,58,18,29,0,1
1596,2014,12,7,10,16,14,11,22,50,7,30,0,0
1597,2015,1,6,11,16,0,57,20,5,18,29,0,0
1598,2015,2,4,12,16,12,9,19,54,7,30,0,0
1599,2015,3,6,1,16,5,56,21,47,6,29,0,0
1600,2015,4,5,2,17,10,58,20,52,17,30,0,0
1601,2015,5,6,3,18,4,5,21,5,17,29,0,0
1602,2015,6,6,4,20,8,20,22,9,2,29,0,0
1603,2015,7,7,5,22,18,30,23,16,12,30,0,0
1604,2015,8,8,6,24,4,51,23,51,19,29,0,0
1605,2015,9,8,7,26,8,10,23,45,17,30,0,0
1606,2015,10,8,8,26,0,9,24,20,3,30,0,0
1607,2015,11,8,9,27,3,25,22,48,0,30,0,0
1608,2015,12,7,10,26,20,1,22,45,13,29,0,0
1609,2016,1,6,11,27,6,47,20,50,23,30,0,0
1610,2016,2,4,12,26,18,0,19,44,13,29,0,0
1611,2016,3,5,1,27,11,46,20,37,12,30,0,0
1612,2016,4,4,2,27,16,32,19,30,23,29,0,0
1613,2016,5,5,3,29,9,24,20,54,22,30,0,0
1614,2016,6,5,5,1,14,9,21,57,6,29,29,0
1615,2016,7,7,6,4,0,33,22,3,18,30,0,0
1616,2016,8,7,7,5,10,39,23,30,1,29,0,0
1617,2016,9,7,8,7,13,48,22,34,23,30,0,0
1618,2016,10,8,9,8,5,59,23,9,9,30,0,0
1619,2016,11,7,10,8,9,14,22,38,6,29,0,0
1620,2016,12,7,11,9,1,54,21,35,19,30,0,0
1621,2017,1,5,12,8,12,36,20,45,5,30,0,0
1622,2017,2,3,1,7,23,49,18,31,19,29,0,0
1623,2017,3,5,2,8,17,36,20,25,18,30,0,0
1624,2017,4,4,3,8,22,20,20,29,5,29,0,0
1625,2017,5,5,4,10,15,42,21,42,4,30,0,0
1626,2017,6,5,5,11,19,57,21,46,12,29,0,0
1627,2017,7,7,6,14,6,21,22,51,23,29,0,0
1628,2017,8,7,6,16,16,27,23,18,7,30,0,1
1629,2017,9,7,7,17,19,46,23,22,5,29,0,0
1630,2017,10,8,8,19,11,47,23,58,14,30,0,0
1631,2017,11,7,9,19,15,3,22,26,12,29,0,0
1632,2017,12,7,10,20,7,40,22,24,1,30,0,0
1633,2018,1,5,11,19,18,26,20,34,11,30,0,0
1634,2018,2,4,12,19,5,38,19,22,1,30,0,0
1635,2018,3,5,1,18,23,25,21,13,0,29,0,0
1636,2018,4,5,2,20,4,20,20,18,11,30,0,0
1637,2018,5,5,3,20,21,31,21,30,10,29,0,0
1638,2018,6,6,4,23,1,29,21,33,18,30,0,0
1639,2018,7,7,5,24,12,9,23,40,5,29,0,0
1640,2018,8,7,6,26,22,15,23,7,13,29,0,0
1641,2018,9,8,7,29,1,35,23,11,11,30,0,0
1642,2018,10,8,8,29,17,36,23,47,20,29,0,0
1643,2018,11,7,9,30,20,54,22,17,18,30,0,0
1644,2018,12,7,11,1,13,30,22,14,7,30,29,0
1645,2019,1,5,11,30,0,16,20,28,17,30,0,0
1646,2019,2,4,12,30,11,28,19,12,7,30,0,0
1647,2019,3,6,2,1,5,14,21,4,6,30,0,0
1648,2019,4,5,3,1,9,59,20,7,17,30,0,0
1649,2019,5,6,4,2,3,20,21,19,16,29,0,0
1650,2019,6,6,5,4,7,33,21,22,0,30,30,0
1651,2019,7,7,6,5,17,57,23,28,11,29,0,0
1652,2019,8,8,7,8,4,3,23,55,18,29,0,0
1653,2019,9,8,8,10,7,24,23,0,17,30,0,0
1654,2019,10,8,9,10,23,25,24,36,2,29,0,0
1655,2019,11,8,10,12,2,42,22,6,0,29,0,0
1656,2019,12,7,11,12,19,20,22,4,13,30,0,0
1657,2020,1,6,12,12,6,6,20,10,23,30,0,0
1658,2020,2,4,1,11,17,18,19,2,13,29,0,0
1659,2020,3,5,2,12,11,3,20,53,11,30,0,0
1660,2020,4,4,3,12,15,48,19,55,22,30,0,0
1661,2020,5,5,4,13,9,8,20,7,20,30,0,0
1662,2020,6,5,4,14,13,22,21,10,6,29,0,1
1663,2020,7,6,5,16,23,46,22,16,17,30,0,0
1664,2020,8,7,6,18,9,51,22,43,0,29,0,0
1665,2020,9,7,7,20,13,12,22,49,20,29,0,0
1666,2020,10,8,8,22,5,15,23,26,8,30,0,0
1667,2020,11,7,9,22,8,31,22,56,5,29,0,0
1668,2020,12,7,10,23,1,9,21,54,18,30,0,0
1669,2021,1,5,11,22,11,55,20,4,5,29,0,0
1670,2021,2,3,12,22,23,8,18,51,18,30,0,0
1671,2021,3,5,1,22,16,56,20,42,17,29,0,0
1672,2021,4,4,2,23,21,37,20,44,4,30,0,0
1673,2021,5,5,3,24,14,57,21,56,3,30,0,0
1674,2021,6,5,4,25,19,9,21,58,11,29,0,0
1675,2021,7,7,5,28,5,33,22,5,23,30,0,0
1676,2021,8,7,6,29,15,40,23,32,6,29,0,0
1677,2021,9,7,8,1,19,1,23,37,4,29,30,0
1678,2021,10,8,9,3,11,4,23,15,14,30,0,0
1679,2021,11,7,10,3,14,21,22,46,11,29,0,0
1680,2021,12,7,11,4,7,0,21,44,0,30,0,0
1681,2022,1,5,12,3,17,46,20,54,10,29,0,0
1682,2022,2,4,1,4,4,58,19,42,0,30,0,0
1683,2022,3,5,2,3,22,42,20,32,23,29,0,0
1684,2022,4,5,3,5,3,22,20,33,10,30,0,0
1685,2022,5,5,4,5,20,45,21,44,9,29,0,0
1686,2022,6,6,5,8,0,58,21,46,17,30,0,0
1687,2022,7,7,6,9,11,22,23,52,4,30,0,0
1688,2022,8,7,7,10,19,28,23,20,12,29,0,0
1689,2022,9,7,8,12,0,50,23,27,10,30,0,0
1690,2022,10,8,9,13,16,53,23,4,20,29,0,0
1691,2022,11,7,10,14,20,11,22,35,17,30,0,0
1692,2022,12,7,11,14,12,49,22,33,6,29,0,0
1693,2023,1,5,12,14,23,35,20,43,16,30,0,0
1694,2023,2,4,1,14,10,47,19,30,6,29,0,0
1695,2023,3,6,2,15,4,31,21,20,5,30,0,0
1696,2023,4,5,2,15,9,14,20,21,16,29,0,1
1697,2023,5,6,3,17,2,33,21,32,15,30,0,0
1698,2023,6,6,4,19,6,46,21,35,23,29,0,0
1699,2023,7,7,5,20,18,10,23,40,10,30,0,0
1700,2023,8,8,6,22,3,16,23,23,2,29,0,0
1701,2023,9,8,7,24,6,38,23,15,16,30,0,0
1702,2023,10,8,8,24,22,41,24,53,1,30,0,0
1703,2023,11,8,9,25,2,0,22,24,23,29,0,0
1704,2023,12,7,10,25,18,38,22,23,12,30,0,0
1705,2024,1,6,11,25,5,25,20,33,22,29,0,0
1706,2024,2,4,12,25,16,37,19,20,12,30,0,0
1707,2024,3,5,1,25,10,21,20,10,11,29,0,0
1708,2024,4,4,2,26,15,3,19,10,22,30,0,0
1709,2024,5,5,3,27,8,22,20,20,21,29,0,0
1710,2024,6,5,4,29,12,34,21,22,5,29,0,0
1711,2024,7,6,6,1,22,58,22,29,16,29,30,0
1712,2024,8,7,7,4,9,5,22,57,23,30,0,0
1713,2024,9,7,8,5,12,27,22,4,22,30,0,0
1714,2024,10,8,9,6,4,31,23,43,7,29,0,0
1715,2024,11,7,10,7,7,49,22,14,5,30,0,0
1716,2024,12,6,11,6,0,29,21,13,18,30,0,0
1717,2025,1,5,12,6,11,15,20,23,4,29,0,0
1718,2025,2,3,1,6,22,27,18,10,18,30,0,0
1719,2025,3,5,2,6,16,11,20,59,16,29,0,0
1720,2025,4,4,3,7,20,52,20,57,3,30,0,0
1721,2025,5,5,4,8,14,11,21,9,3,29,0,0
1722,2025,6,5,5,10,18,22,21,11,11,29,0,0
1723,2025,7,7,6,13,4,46,22,17,22,30,0,0
1724,2025,8,7,6,14,14,53,23,45,5,29,0,1
1725,2025,9,7,7,16,18,15,23,53,3,30,0,0
1726,2025,10,8,8,17,10,19,23,32,13,29,0,0
1727,2025,11,7,9,18,13,40,22,4,11,30,0,0
1728,2025,12,7,10,18,6,18,21,3,0,30,0,0
1729,2026,1,5,11,17,17,5,20,13,10,30,0,0
1730,2026,2,4,12,17,4,16,18,59,23,29,0,0
1731,2026,3,5,1,17,22,0,20,48,22,30,0,0
1732,2026,4,5,2,18,2,41,20,48,9,29,0,0
1733,2026,5,6,3,19,19,59,21,57,8,30,0,0
1734,2026,6,5,4,20,0,11,21,59,16,29,0,0
1735,2026,7,7,5,23,10,34,23,5,4,29,0,0
1736,2026,8,7,6,25,20,41,23,34,11,30,0,0
1737,2026,9,7,7,26,0,4,23,42,9,29,0,0
1738,2026,10,8,8,28,16,8,23,21,19,29,0,0
1739,2026,11,7,9,29,19,29,22,53,16,30,0,0
1740,2026,12,7,10,29,12,8,22,52,5,30,0,0
1741,2027,1,5,11,28,22,55,20,2,16,30,0,0
1742,2027,2,4,12,28,10,6,19,49,5,29,0,0
1743,2027,3,6,1,29,3,49,21,37,4,30,0,0
1744,2027,4,5,2,29,8,31,20,36,15,30,0,0
1745,2027,5,6,4,1,1,48,21,46,14,30,29,0
1746,2027,6,6,5,2,5,58,21,47,22,29,0,0
1747,2027,7,7,6,4,16,22,23,54,9,29,0,0
1748,2027,8,8,7,7,2,30,23,22,17,30,0,0
1749,2027,9,8,8,8,5,52,23,30,15,29,0,0
1750,2027,10,8,9,9,21,58,23,10,1,29,0,0
1751,2027,11,7,10,10,1,18,22,43,22,30,0,0
1752,2027,12,7,11,10,17,58,22,43,11,30,0,0
1753,2028,1,6,12,10,4,44,20,52,21,29,0,0
1754,2028,2,4,1,10,15,56,19,38,11,30,0,0
1755,2028,3,5,2,10,9,38,20,27,10,30,0,0
1756,2028,4,4,3,10,14,19,19,25,21,30,0,0
1757,2028,5,5,4,11,7,36,20,34,20,29,0,0
1758,2028,6,5,5,13,11,47,21,35,4,30,0,0
1759,2028,7,6,5,14,22,10,22,41,15,29,0,1
1760,2028,8,7,6,17,8,17,22,10,23,29,0,0
1761,2028,9,7,7,19,11,41,22,19,21,30,0,0
1762,2028,10,8,8,20,3,46,23,59,6,29,0,0
1763,2028,11,7,9,21,7,7,22,32,4,29,0,0
1764,2028,12,6,10,21,23,47,21,32,17,30,0,0
1765,2029,1,5,11,21,10,32,20,42,3,30,0,0
1766,2029,2,3,12,20,21,45,18,28,17,29,0,0
1767,2029,3,5,1,21,15,29,20,16,16,30,0,0
1768,2029,4,4,2,21,20,8,20,14,3,30,0,0
1769,2029,5,5,3,22,13,26,21,44,2,29,0,0
1770,2029,6,5,4,24,17,35,21,23,10,30,0,0
1771,2029,7,7,5,26,3,58,22,29,21,29,0,0
1772,2029,8,7,6,28,14,6,23,59,4,30,0,0
1773,2029,9,7,7,29,17,29,23,7,3,29,0,0
1774,2029,10,8,9,1,9,35,23,33,12,29,30,0
1775,2029,11,7,10,2,12,57,22,22,10,29,0,0
1776,2029,12,7,11,3,5,37,21,22,23,30,0,0
1777,2030,1,5,12,2,16,24,20,31,9,29,0,0
1778,2030,2,4,1,2,3,35,18,17,23,30,0,0
1779,2030,3,5,2,2,21,18,20,5,22,30,0,0
1780,2030,4,5,3,3,1,57,20,3,9,29,0,0
1781,2030,5,5,4,4,19,13,21,10,8,30,0,0
1782,2030,6,5,5,5,23,23,21,11,16,30,0,0
1783,2030,7,7,6,7,9,46,23,18,3,29,0,0
1784,2030,8,7,7,9,19,54,23,47,10,30,0,0
1785,2030,9,7,8,10,23,18,23,57,8,29,0,0
1786,2030,10,8,9,12,15,24,23,38,18,30,0,0
1787,2030,11,7,10,12,18,47,22,12,16,29,0,0
1788,2030,12,7,11,13,11,27,22,12,5,30,0,0
1789,2031,1,5,12,12,22,14,20,22,15,29,0,0
1790,2031,2,4,1,13,9,25,19,7,5,29,0,0
1791,2031,3,6,2,14,3,6,21,54,3,30,0,0
1792,2031,4,5,3,14,7,46,20,51,14,30,0,0
1793,2031,5,6,3,15,1,2,21,59,13,29,0,1
1794,2031,6,6,4,17,5,12,21,59,21,30,0,0
1795,2031,7,7,5,18,15,35,23,5,9,29,0,0
1796,2031,8,8,6,21,1,42,23,35,16,30,0,0
1797,2031,9,8,7,22,5,7,23,45,14,30,0,0
1798,2031,10,8,8,22,21,13,23,27,0,29,0,0
1799,2031,11,7,9,23,0,35,22,1,22,30,0,0
1800,2031,12,7,10,23,17,16,22,1,11,29,0,0
1801,2032,1,6,11,24,4,3,20,11,21,30,0,0
1802,2032,2,4,12,23,15,14,21,30,10,29,0,0